frame,id,x,y,image_index
0,0,144,169,0
0,1,167,143,0
0,2,289,169,0
0,3,96,239,0
0,4,97,193,0
0,5,120,191,0
0,6,240,143,0
0,7,192,215,0
0,8,265,287,0
0,9,239,216,0
0,10,217,119,0
0,11,191,265,0
0,12,143,264,0
0,13,264,287,0
0,14,168,145,0
0,15,191,216,0
0,16,191,240,0
0,17,265,287,0
0,18,168,169,0
0,19,144,119,0
0,20,599,577,0
0,21,577,432,0
0,22,600,601,0
0,23,479,575,0
0,24,528,551,0
0,25,552,625,0
0,26,480,503,0
0,27,504,431,0
0,28,431,552,0
0,29,551,480,0
0,30,480,625,0
0,31,505,481,0
0,32,625,624,0
0,33,600,551,0
0,34,623,431,0
0,35,529,457,0
0,36,527,456,0
0,37,625,552,0
0,38,433,431,0
0,39,480,601,0
1,0,144,171,0
1,1,166,141,0
1,2,290,170,0
1,3,96,237,0
1,4,98,194,0
1,5,121,189,0
1,6,241,141,0
1,7,193,213,0
1,8,266,286,0
1,9,237,215,0
1,10,218,118,0
1,11,190,266,0
1,12,141,263,0
1,13,263,285,0
1,14,170,147,0
1,15,189,216,0
1,16,189,241,0
1,17,266,286,0
1,18,168,171,0
1,19,143,117,0
1,20,598,578,0
1,21,579,432,0
1,22,600,603,0
1,23,478,574,0
1,24,528,549,0
1,25,553,627,0
1,26,479,501,0
1,27,503,429,0
1,28,429,551,0
1,29,549,479,0
1,30,479,627,0
1,31,506,482,0
1,32,627,625,0
1,33,599,549,0
1,34,622,430,0
1,35,530,458,0
1,36,525,457,0
1,37,627,551,0
1,38,434,430,0
1,39,479,603,0
2,0,144,173,0
2,1,165,140,0
2,2,291,172,0
2,3,96,235,0
2,4,100,196,0
2,5,122,188,0
2,6,242,139,0
2,7,193,211,0
2,8,267,284,0
2,9,236,214,0
2,10,220,116,0
2,11,189,268,0
2,12,139,262,0
2,13,262,283,0
2,14,171,148,0
2,15,187,215,0
2,16,187,241,0
2,17,267,284,0
2,18,169,173,0
2,19,142,115,0
2,20,596,579,0
2,21,581,432,0
2,22,601,605,0
2,23,477,572,0
2,24,528,547,0
2,25,553,629,0
2,26,479,499,0
2,27,503,427,0
2,28,427,550,0
2,29,548,478,0
2,30,479,629,0
2,31,508,483,0
2,32,629,626,0
2,33,598,547,0
2,34,621,428,0
2,35,531,460,0
2,36,523,458,0
2,37,629,550,0
2,38,435,428,0
2,39,478,605,0
2,40,187,241,0
3,0,144,175,0
3,1,165,138,0
3,2,292,174,0
3,3,95,233,0
3,4,101,197,0
3,5,123,186,0
3,6,243,138,0
3,7,194,209,0
3,8,269,283,0
3,9,234,213,0
3,10,221,115,0
3,11,188,270,0
3,12,138,261,0
3,13,261,282,0
3,14,172,150,0
3,15,185,215,0
3,16,185,242,0
3,17,269,283,0
3,18,169,175,0
3,19,142,113,0
3,20,594,579,0
3,21,583,432,0
3,22,601,607,0
3,23,476,570,0
3,24,528,545,0
3,25,554,631,0
3,26,479,497,0
3,27,503,425,0
3,28,426,549,0
3,29,546,477,0
3,30,478,631,0
3,31,510,484,0
3,32,630,627,0
3,33,598,545,0
3,34,620,426,0
3,35,533,461,0
3,36,521,458,0
3,37,631,550,0
3,38,436,426,0
3,39,477,606,0
3,40,185,242,0
3,41,221,115,0
4,0,143,177,0
4,1,164,136,0
4,2,294,175,0
4,3,95,231,0
4,4,102,199,0
4,5,124,184,0
4,6,243,136,0
4,7,194,207,0
4,8,271,282,0
4,9,232,212,0
4,10,222,113,0
4,11,187,272,0
4,12,136,260,0
4,13,261,280,0
4,14,173,151,0
4,15,183,215,0
4,16,183,242,0
4,17,270,281,0
4,18,169,177,0
4,19,141,111,0
4,20,592,580,0
4,21,585,432,0
4,22,602,609,0
4,23,475,569,0
4,24,528,543,0
4,25,555,633,0
4,26,478,495,0
4,27,503,423,0
4,28,424,549,0
4,29,544,476,0
4,30,478,633,0
4,31,512,485,0
4,32,632,628,0
4,33,598,543,0
4,34,618,425,0
4,35,534,463,0
4,36,520,459,0
4,37,632,549,0
4,38,437,425,0
4,39,476,608,0
4,40,183,242,0
4,41,222,114,0
5,0,143,179,0
5,1,163,134,0
5,2,295,176,0
5,3,95,229,0
5,4,103,200,0
5,5,125,182,0
5,6,244,134,0
5,7,195,205,0
5,8,272,281,0
5,9,230,212,0
5,10,223,112,0
5,11,186,273,0
5,12,134,260,0
5,13,260,278,0
5,14,175,153,0
5,15,181,214,0
5,16,181,243,0
5,17,271,280,0
5,18,169,179,0
5,19,140,110,0
5,20,590,581,0
5,21,587,432,0
5,22,602,611,0
5,23,473,567,0
5,24,527,541,0
5,25,555,635,0
5,26,478,493,0
5,27,502,421,0
5,28,422,548,0
5,29,543,474,0
5,30,477,635,0
5,31,514,485,0
5,32,634,628,0
5,33,597,541,0
5,34,617,423,0
5,35,536,464,0
5,36,518,459,0
5,37,634,548,0
5,38,438,423,0
5,39,475,610,0
5,40,181,242,0
5,41,224,112,0
6,0,143,181,0
6,1,162,132,0
6,2,296,178,0
6,3,95,227,0
6,4,104,202,0
6,5,126,180,0
6,6,245,132,0
6,7,195,203,0
6,8,274,279,0
6,9,228,211,0
6,10,225,111,0
6,11,186,275,0
6,12,132,259,0
6,13,259,276,0
6,14,176,154,0
6,15,179,214,0
6,16,179,243,0
6,17,273,278,0
6,18,169,181,0
6,19,140,108,0
6,20,588,582,0
6,21,589,432,0
6,22,602,613,0
6,23,473,565,0
6,24,527,539,0
6,25,556,636,0
6,26,478,491,0
6,27,502,419,0
6,28,420,547,0
6,29,541,473,0
6,30,477,637,0
6,31,515,486,0
6,32,636,629,0
6,33,597,539,0
6,34,616,422,0
6,35,537,465,0
6,36,516,460,0
6,37,636,547,0
6,38,440,422,0
6,39,474,612,0
6,40,179,242,0
6,41,226,111,0
7,0,143,183,0
7,1,161,131,0
7,2,298,179,0
7,3,95,225,0
7,4,105,204,0
7,5,127,179,0
7,6,246,130,0
7,7,196,201,0
7,8,275,278,0
7,9,226,210,0
7,10,226,109,0
7,11,185,277,0
7,12,130,258,0
7,13,259,274,0
7,14,178,155,0
7,15,177,214,0
7,16,178,244,0
7,17,274,277,0
7,18,168,183,0
7,19,139,106,0
7,20,586,582,0
7,21,591,432,0
7,22,603,615,0
7,23,472,564,0
7,24,527,537,0
7,25,556,638,0
7,26,478,489,0
7,27,502,417,0
7,28,418,547,0
7,29,539,472,0
7,30,477,639,0
7,31,517,487,0
7,32,638,630,0
7,33,597,537,0
7,34,615,420,0
7,35,538,467,0
7,36,514,461,0
7,37,637,546,0
7,38,441,420,0
7,39,473,613,0
7,40,177,243,0
7,41,227,110,0
8,0,142,185,0
8,1,160,129,0
8,2,299,181,0
8,3,95,223,0
8,4,106,206,0
8,5,127,177,0
8,6,247,129,0
8,7,196,200,0
8,8,277,277,0
8,9,225,209,0
8,10,228,108,0
8,11,184,279,0
8,12,129,257,0
8,13,258,272,0
8,14,180,156,0
8,15,175,214,0
8,16,176,244,0
8,17,275,275,0
8,18,168,185,0
8,19,138,104,0
8,20,584,582,0
8,21,593,433,0
8,22,603,617,0
8,23,471,562,0
8,24,527,535,0
8,25,557,640,0
8,26,477,487,0
8,27,502,415,0
8,28,416,546,0
8,29,537,471,0
8,30,476,640,0
8,31,519,487,0
8,32,640,631,0
8,33,597,535,0
8,34,614,418,0
8,35,540,468,0
8,36,512,461,0
8,37,639,545,0
8,38,443,419,0
8,39,472,615,0
8,40,175,243,0
8,41,229,109,0
9,0,142,187,0
9,1,160,127,0
9,2,301,182,0
9,3,95,221,0
9,4,107,207,0
9,5,128,175,0
9,6,248,127,0
9,7,197,198,0
9,8,279,276,0
9,9,223,208,0
9,10,230,107,0
9,11,183,281,0
9,12,127,256,0
9,13,257,270,0
9,14,181,157,0
9,15,173,213,0
9,16,174,245,0
9,17,276,274,0
9,18,168,187,0
9,19,137,102,0
9,20,582,583,0
9,21,595,433,0
9,22,603,619,0
9,23,470,560,0
9,24,527,533,0
9,25,557,642,0
9,26,477,485,0
9,27,502,413,0
9,28,414,546,0
9,29,536,470,0
9,30,475,642,0
9,31,521,488,0
9,32,641,632,0
9,33,598,533,0
9,34,613,417,0
9,35,541,470,0
9,36,510,462,0
9,37,641,543,0
9,38,444,418,0
9,39,472,617,0
9,40,173,243,0
9,41,231,109,0
9,42,142,187,0
9,43,248,127,0
10,0,142,189,0
10,1,159,125,0
10,2,302,183,0
10,3,95,219,0
10,4,108,209,0
10,5,128,173,0
10,6,250,126,0
10,7,197,196,0
10,8,280,275,0
10,9,221,207,0
10,10,231,106,0
10,11,183,283,0
10,12,125,255,0
10,13,257,268,0
10,14,183,158,0
10,15,171,213,0
10,16,172,246,0
10,17,277,272,0
10,18,167,189,0
10,19,137,100,0
10,20,580,583,0
10,21,597,434,0
10,22,604,621,0
10,23,468,559,0
10,24,526,531,0
10,25,558,644,0
10,26,477,483,0
10,27,502,411,0
10,28,412,545,0
10,29,534,469,0
10,30,474,644,0
10,31,523,489,0
10,32,643,632,0
10,33,598,531,0
10,34,612,415,0
10,35,543,471,0
10,36,508,462,0
10,37,642,542,0
10,38,446,417,0
10,39,471,619,0
10,40,171,244,0
10,41,233,108,0
10,42,142,189,0
10,43,249,125,0
11,0,142,191,0
11,1,158,123,0
11,2,304,185,0
11,3,95,217,0
11,4,109,211,0
11,5,128,171,0
11,6,251,124,0
11,7,198,194,0
11,8,282,274,0
11,9,219,207,0
11,10,233,105,0
11,11,183,285,0
11,12,123,255,0
11,13,256,266,0
11,14,185,158,0
11,15,169,213,0
11,16,170,246,0
11,17,279,270,0
11,18,166,191,0
11,19,136,98,0
11,20,578,583,0
11,21,598,435,0
11,22,604,623,0
11,23,467,557,0
11,24,526,529,0
11,25,558,646,0
11,26,477,481,0
11,27,501,409,0
11,28,410,545,0
11,29,533,468,0
11,30,474,646,0
11,31,524,490,0
11,32,645,633,0
11,33,598,530,0
11,34,611,413,0
11,35,544,472,0
11,36,506,463,0
11,37,644,541,0
11,38,447,415,0
11,39,470,621,0
11,40,169,244,0
11,41,234,107,0
11,42,141,191,0
11,43,250,124,0
11,44,142,191,0
12,0,142,193,0
12,1,157,122,0
12,2,305,186,0
12,3,95,215,0
12,4,110,212,0
12,5,128,169,0
12,6,252,123,0
12,7,198,192,0
12,8,284,273,0
12,9,217,206,0
12,10,235,104,0
12,11,183,287,0
12,12,121,254,0
12,13,256,264,0
12,14,187,159,0
12,15,167,213,0
12,16,168,246,0
12,17,280,269,0
12,18,165,192,0
12,19,135,97,0
12,20,576,583,0
12,21,600,436,0
12,22,604,625,0
12,23,466,556,0
12,24,525,527,0
12,25,559,648,0
12,26,477,479,0
12,27,501,407,0
12,28,408,544,0
12,29,531,466,0
12,30,473,648,0
12,31,526,491,0
12,32,647,634,0
12,33,598,528,0
12,34,610,412,0
12,35,546,474,0
12,36,504,463,0
12,37,646,540,0
12,38,449,414,0
12,39,469,623,0
12,40,167,245,0
12,41,236,106,0
12,42,141,193,0
12,43,251,122,0
12,44,142,193,0
13,0,142,195,0
13,1,156,120,0
13,2,307,187,0
13,3,95,213,0
13,4,112,214,0
13,5,127,167,0
13,6,254,121,0
13,7,199,190,0
13,8,285,271,0
13,9,215,206,0
13,10,236,103,0
13,11,183,289,0
13,12,119,253,0
13,13,256,262,0
13,14,189,160,0
13,15,165,213,0
13,16,166,247,0
13,17,281,267,0
13,18,165,194,0
13,19,135,95,0
13,20,575,583,0
13,21,602,437,0
13,22,604,627,0
13,23,465,554,0
13,24,525,525,0
13,25,560,650,0
13,26,476,477,0
13,27,500,405,0
13,28,407,543,0
13,29,530,465,0
13,30,472,650,0
13,31,528,492,0
13,32,649,634,0
13,33,598,526,0
13,34,608,410,0
13,35,547,475,0
13,36,502,463,0
13,37,648,540,0
13,38,450,413,0
13,39,469,624,0
13,40,165,245,0
13,41,238,105,0
13,42,140,195,0
13,43,253,121,0
13,44,142,195,0
14,0,142,197,0
14,1,155,118,0
14,2,308,189,0
14,3,96,211,0
14,4,113,215,0
14,5,127,165,0
14,6,255,120,0
14,7,200,188,0
14,8,287,270,0
14,9,213,206,0
14,10,238,102,0
14,11,183,291,0
14,12,117,253,0
14,13,255,261,0
14,14,191,161,0
14,15,163,213,0
14,16,164,247,0
14,17,282,265,0
14,18,164,196,0
14,19,135,93,0
14,20,573,583,0
14,21,604,438,0
14,22,605,629,0
14,23,464,552,0
14,24,524,523,0
14,25,561,651,0
14,26,475,475,0
14,27,499,404,0
14,28,405,542,0
14,29,528,464,0
14,30,472,652,0
14,31,529,494,0
14,32,651,635,0
14,33,599,524,0
14,34,607,408,0
14,35,548,477,0
14,36,500,462,0
14,37,649,538,0
14,38,452,411,0
14,39,468,626,0
14,40,164,245,0
14,41,240,104,0
14,42,140,197,0
14,43,254,119,0
14,44,143,197,0
15,0,142,199,0
15,1,154,116,0
15,2,310,190,0
15,3,96,209,0
15,4,114,217,0
15,5,127,163,0
15,6,256,118,0
15,7,200,186,0
15,8,288,269,0
15,9,211,206,0
15,10,240,101,0
15,11,183,293,0
15,12,116,252,0
15,13,255,259,0
15,14,192,162,0
15,15,161,213,0
15,16,162,248,0
15,17,283,264,0
15,18,163,198,0
15,19,134,91,0
15,20,571,583,0
15,21,605,439,0
15,22,605,631,0
15,23,463,550,0
15,24,524,521,0
15,25,562,653,0
15,26,475,474,0
15,27,499,402,0
15,28,403,542,0
15,29,527,462,0
15,30,471,654,0
15,31,531,495,0
15,32,653,635,0
15,33,599,522,0
15,34,606,407,0
15,35,550,478,0
15,36,498,462,0
15,37,651,537,0
15,38,453,410,0
15,39,467,628,0
15,40,162,246,0
15,41,241,103,0
15,42,139,198,0
15,43,256,118,0
15,44,143,199,0
16,0,142,201,0
16,1,153,115,0
16,2,311,192,0
16,3,96,207,0
16,4,116,218,0
16,5,127,161,0
16,6,258,117,0
16,7,201,184,0
16,8,290,268,0
16,9,209,206,0
16,10,242,101,0
16,11,183,295,0
16,12,114,251,0
16,13,254,257,0
16,14,194,162,0
16,15,159,213,0
16,16,160,248,0
16,17,284,262,0
16,18,163,200,0
16,19,133,89,0
16,20,569,582,0
16,21,607,440,0
16,22,606,632,0
16,23,462,549,0
16,24,523,519,0
16,25,563,655,0
16,26,474,472,0
16,27,498,400,0
16,28,401,541,0
16,29,525,461,0
16,30,471,656,0
16,31,533,496,0
16,32,655,635,0
16,33,599,520,0
16,34,605,405,0
16,35,552,479,0
16,36,496,462,0
16,37,653,536,0
16,38,455,409,0
16,39,466,630,0
16,40,160,247,0
16,41,243,102,0
16,42,138,200,0
16,43,257,116,0
16,44,143,201,0
17,0,142,203,0
17,1,152,113,0
17,2,313,193,0
17,3,96,205,0
17,4,117,220,0
17,5,127,159,0
17,6,260,116,0
17,7,201,182,0
17,8,292,267,0
17,9,207,206,0
17,10,244,100,0
17,11,184,297,0
17,12,112,251,0
17,13,253,255,0
17,14,196,163,0
17,15,157,213,0
17,16,158,249,0
17,17,286,261,0
17,18,162,202,0
17,19,133,87,0
17,20,567,582,0
17,21,608,442,0
17,22,606,634,0
17,23,461,547,0
17,24,523,517,0
17,25,564,657,0
17,26,474,470,0
17,27,496,398,0
17,28,399,540,0
17,29,524,459,0
17,30,471,658,0
17,31,534,497,0
17,32,657,636,0
17,33,599,518,0
17,34,605,403,0
17,35,554,480,0
17,36,494,462,0
17,37,654,535,0
17,38,456,407,0
17,39,465,632,0
17,40,158,247,0
17,41,245,101,0
17,42,138,202,0
17,43,258,115,0
17,44,143,203,0
18,0,142,205,0
18,1,151,111,0
18,2,314,194,0
18,3,97,203,0
18,4,118,221,0
18,5,127,157,0
18,6,261,115,0
18,7,202,180,0
18,8,294,266,0
18,9,205,206,0
18,10,246,100,0
18,11,184,299,0
18,12,110,250,0
18,13,253,253,0
18,14,198,164,0
18,15,155,213,0
18,16,156,250,0
18,17,287,259,0
18,18,162,204,0
18,19,132,85,0
18,20,565,582,0
18,21,610,443,0
18,22,606,636,0
18,23,460,545,0
18,24,523,516,0
18,25,565,658,0
18,26,473,468,0
18,27,498,400,0
18,28,397,540,0
18,29,523,458,0
18,30,471,660,0
18,31,536,498,0
18,32,659,636,0
18,33,600,516,0
18,34,605,403,0
18,35,555,481,0
18,36,492,462,0
18,37,656,534,0
18,38,458,406,0
18,39,464,633,0
18,40,156,248,0
18,41,247,100,0
18,42,138,204,0
18,43,260,113,0
18,44,143,205,0
18,45,127,157,0
19,0,142,207,0
19,1,151,109,0
19,2,316,195,0
19,3,97,201,0
19,4,120,223,0
19,5,126,155,0
19,6,263,114,0
19,7,203,179,0
19,8,295,265,0
19,9,203,206,0
19,10,248,99,0
19,11,184,301,0
19,12,108,249,0
19,13,252,251,0
19,14,200,165,0
19,15,153,213,0
19,16,154,250,0
19,17,288,257,0
19,18,162,206,0
19,19,131,83,0
19,20,563,582,0
19,21,611,444,0
19,22,607,638,0
19,23,459,543,0
19,24,522,514,0
19,25,566,660,0
19,26,473,466,0
19,27,499,402,0
19,28,395,540,0
19,29,521,456,0
19,30,471,662,0
19,31,538,498,0
19,32,661,637,0
19,33,600,514,0
19,34,606,405,0
19,35,557,482,0
19,36,490,462,0
19,37,658,533,0
19,38,459,404,0
19,39,463,635,0
19,40,154,249,0
19,41,248,99,0
19,42,138,206,0
19,43,261,112,0
19,44,143,207,0
19,45,126,155,0
20,0,143,209,0
20,1,150,107,0
20,2,317,197,0
20,3,97,199,0
20,4,121,224,0
20,5,126,153,0
20,6,265,112,0
20,7,203,177,0
20,8,297,264,0
20,9,201,206,0
20,10,250,98,0
20,11,184,303,0
20,12,106,249,0
20,13,251,249,0
20,14,202,166,0
20,15,151,213,0
20,16,152,251,0
20,17,290,256,0
20,18,161,208,0
20,19,131,81,0
20,20,561,581,0
20,21,613,445,0
20,22,607,640,0
20,23,459,541,0
20,24,522,512,0
20,25,567,662,0
20,26,472,464,0
20,27,500,403,0
20,28,393,539,0
20,29,521,455,0
20,30,471,664,0
20,31,540,499,0
20,32,663,637,0
20,33,600,512,0
20,34,607,406,0
20,35,558,483,0
20,36,488,462,0
20,37,659,532,0
20,38,461,403,0
20,39,462,637,0
20,40,153,250,0
20,41,250,98,0
20,42,138,208,0
20,43,262,110,0
20,44,143,209,0
20,45,127,153,0
